144680345676153346
361700864190383365
723401728380766730
1446803456761533460
2893606913523066920
5787213827046133840
11574427654092267680
4629771061636907072
144680345676153346
361700864190383365
723401728380766730
1446803456761533460
2893606913523066920
5787213827046133840
11574427654092267680
4629771061636907072
144680345676153346
361700864190383365
723401728380766730
1446803456761533460
2893606913523066920
5787213827046133840
11574427654092267680
4629771061636907072
144680345676153346
361700864190383365
723401728380766730
1446803456761533460
2893606913523066920
5787213827046133840
11574427654092267680
4629771061636907072
144680345676153346
361700864190383365
723401728380766730
1446803456761533460
2893606913523066920
5787213827046133840
11574427654092267680
4629771061636907072
144680345676153346
361700864190383365
723401728380766730
1446803456761533460
2893606913523066920
5787213827046133840
11574427654092267680
4629771061636907072
144680345676153346
361700864190383365
723401728380766730
1446803456761533460
2893606913523066920
5787213827046133840
11574427654092267680
4629771061636907072
144680345676153346
361700864190383365
723401728380766730
1446803456761533460
2893606913523066920
5787213827046133840
11574427654092267680
4629771061636907072
