9802119807712166000
3386532387913728
1158270081084424512
1166999661421002760
10379424128065536
9295865175473127424
1127139342548998
212215543152640
2305860603581308960
282713403752616
9223389629587193872
563233556021568
1154049608385560736
146367056611119104
2305878236536767488
288793602124449792
18014409297306112
1429777470990400
3747065603926786064
4612319354338411008
4402345672712
73184044505895424
2450521508021289224
576548852822442080
1697929692447360
2377918332926967936
4611689319185253441
4398320451588
4402879415296
1152958338280457216
9227033484730569728
4645574234096160
2427738871827456
9223389706354820096
2814819024569088
288230930789696512
4647785220697817600
2322195401443584
10422456270870415360
150084142532864
10955006661068083200
149551029715456
577591067503895040
1155173330257576448
8800524829696
9223427012712988688
3958242130659840
5085808761503872
211261390323720
144682673651319296
252487727172812800
1765446239475860544
4314435584
360358485122842624
567348573765632
1441310211741696000
110367842779264
2305844109011589152
18032003932766721
81698661759197314
70371965468960
4611686327820353668
4900206671093830656
9326349689176096
