72340172838076673
144680345676153346
289360691352306692
578721382704613384
1157442765409226768
2314885530818453536
4629771061636907072
9259542123273814144
72340172838076673
144680345676153346
289360691352306692
578721382704613384
1157442765409226768
2314885530818453536
4629771061636907072
9259542123273814144
72340172838076673
144680345676153346
289360691352306692
578721382704613384
1157442765409226768
2314885530818453536
4629771061636907072
9259542123273814144
72340172838076673
144680345676153346
289360691352306692
578721382704613384
1157442765409226768
2314885530818453536
4629771061636907072
9259542123273814144
72340172838076673
144680345676153346
289360691352306692
578721382704613384
1157442765409226768
2314885530818453536
4629771061636907072
9259542123273814144
72340172838076673
144680345676153346
289360691352306692
578721382704613384
1157442765409226768
2314885530818453536
4629771061636907072
9259542123273814144
72340172838076673
144680345676153346
289360691352306692
578721382704613384
1157442765409226768
2314885530818453536
4629771061636907072
9259542123273814144
72340172838076673
144680345676153346
289360691352306692
578721382704613384
1157442765409226768
2314885530818453536
4629771061636907072
9259542123273814144
