00000000
00000000
00000000
00000000
00000000
00000000
11000000
01000000

00000000
00000000
00000000
00000000
00000000
00000000
11100000
10100000

00000000
00000000
00000000
00000000
00000000
00000000
01110000
01010000

00000000
00000000
00000000
00000000
00000000
00000000
00111000
00101000

00000000
00000000
00000000
00000000
00000000
00000000
00011100
00010100

00000000
00000000
00000000
00000000
00000000
00000000
00001110
00001010

00000000
00000000
00000000
00000000
00000000
00000000
00000111
00000101

00000000
00000000
00000000
00000000
00000000
00000000
00000011
00000010

00000000
00000000
00000000
00000000
00000000
11000000
01000000
11000000

00000000
00000000
00000000
00000000
00000000
11100000
10100000
11100000

00000000
00000000
00000000
00000000
00000000
01110000
01010000
01110000

00000000
00000000
00000000
00000000
00000000
00111000
00101000
00111000

00000000
00000000
00000000
00000000
00000000
00011100
00010100
00011100

00000000
00000000
00000000
00000000
00000000
00001110
00001010
00001110

00000000
00000000
00000000
00000000
00000000
00000111
00000101
00000111

00000000
00000000
00000000
00000000
00000000
00000011
00000010
00000011

00000000
00000000
00000000
00000000
11000000
01000000
11000000
00000000

00000000
00000000
00000000
00000000
11100000
10100000
11100000
00000000

00000000
00000000
00000000
00000000
01110000
01010000
01110000
00000000

00000000
00000000
00000000
00000000
00111000
00101000
00111000
00000000

00000000
00000000
00000000
00000000
00011100
00010100
00011100
00000000

00000000
00000000
00000000
00000000
00001110
00001010
00001110
00000000

00000000
00000000
00000000
00000000
00000111
00000101
00000111
00000000

00000000
00000000
00000000
00000000
00000011
00000010
00000011
00000000

00000000
00000000
00000000
11000000
01000000
11000000
00000000
00000000

00000000
00000000
00000000
11100000
10100000
11100000
00000000
00000000

00000000
00000000
00000000
01110000
01010000
01110000
00000000
00000000

00000000
00000000
00000000
00111000
00101000
00111000
00000000
00000000

00000000
00000000
00000000
00011100
00010100
00011100
00000000
00000000

00000000
00000000
00000000
00001110
00001010
00001110
00000000
00000000

00000000
00000000
00000000
00000111
00000101
00000111
00000000
00000000

00000000
00000000
00000000
00000011
00000010
00000011
00000000
00000000

00000000
00000000
11000000
01000000
11000000
00000000
00000000
00000000

00000000
00000000
11100000
10100000
11100000
00000000
00000000
00000000

00000000
00000000
01110000
01010000
01110000
00000000
00000000
00000000

00000000
00000000
00111000
00101000
00111000
00000000
00000000
00000000

00000000
00000000
00011100
00010100
00011100
00000000
00000000
00000000

00000000
00000000
00001110
00001010
00001110
00000000
00000000
00000000

00000000
00000000
00000111
00000101
00000111
00000000
00000000
00000000

00000000
00000000
00000011
00000010
00000011
00000000
00000000
00000000

00000000
11000000
01000000
11000000
00000000
00000000
00000000
00000000

00000000
11100000
10100000
11100000
00000000
00000000
00000000
00000000

00000000
01110000
01010000
01110000
00000000
00000000
00000000
00000000

00000000
00111000
00101000
00111000
00000000
00000000
00000000
00000000

00000000
00011100
00010100
00011100
00000000
00000000
00000000
00000000

00000000
00001110
00001010
00001110
00000000
00000000
00000000
00000000

00000000
00000111
00000101
00000111
00000000
00000000
00000000
00000000

00000000
00000011
00000010
00000011
00000000
00000000
00000000
00000000

11000000
01000000
11000000
00000000
00000000
00000000
00000000
00000000

11100000
10100000
11100000
00000000
00000000
00000000
00000000
00000000

01110000
01010000
01110000
00000000
00000000
00000000
00000000
00000000

00111000
00101000
00111000
00000000
00000000
00000000
00000000
00000000

00011100
00010100
00011100
00000000
00000000
00000000
00000000
00000000

00001110
00001010
00001110
00000000
00000000
00000000
00000000
00000000

00000111
00000101
00000111
00000000
00000000
00000000
00000000
00000000

00000011
00000010
00000011
00000000
00000000
00000000
00000000
00000000

01000000
11000000
00000000
00000000
00000000
00000000
00000000
00000000

10100000
11100000
00000000
00000000
00000000
00000000
00000000
00000000

01010000
01110000
00000000
00000000
00000000
00000000
00000000
00000000

00101000
00111000
00000000
00000000
00000000
00000000
00000000
00000000

00010100
00011100
00000000
00000000
00000000
00000000
00000000
00000000

00001010
00001110
00000000
00000000
00000000
00000000
00000000
00000000

00000101
00000111
00000000
00000000
00000000
00000000
00000000
00000000

00000010
00000011
00000000
00000000
00000000
00000000
00000000
00000000

