00000000
00000000
00000000
00000000
00000000
01000000
00100000
00000000

00000000
00000000
00000000
00000000
00000000
10100000
00010000
00000000

00000000
00000000
00000000
00000000
00000000
01010000
10001000
00000000

00000000
00000000
00000000
00000000
00000000
00101000
01000100
00000000

00000000
00000000
00000000
00000000
00000000
00010100
00100010
00000000

00000000
00000000
00000000
00000000
00000000
00001010
00010001
00000000

00000000
00000000
00000000
00000000
00000000
00000101
00001000
00000000

00000000
00000000
00000000
00000000
00000000
00000010
00000100
00000000

00000000
00000000
00000000
00000000
01000000
00100000
00000000
00100000

00000000
00000000
00000000
00000000
10100000
00010000
00000000
00010000

00000000
00000000
00000000
00000000
01010000
10001000
00000000
10001000

00000000
00000000
00000000
00000000
00101000
01000100
00000000
01000100

00000000
00000000
00000000
00000000
00010100
00100010
00000000
00100010

00000000
00000000
00000000
00000000
00001010
00010001
00000000
00010001

00000000
00000000
00000000
00000000
00000101
00001000
00000000
00001000

00000000
00000000
00000000
00000000
00000010
00000100
00000000
00000100

00000000
00000000
00000000
01000000
00100000
00000000
00100000
01000000

00000000
00000000
00000000
10100000
00010000
00000000
00010000
10100000

00000000
00000000
00000000
01010000
10001000
00000000
10001000
01010000

00000000
00000000
00000000
00101000
01000100
00000000
01000100
00101000

00000000
00000000
00000000
00010100
00100010
00000000
00100010
00010100

00000000
00000000
00000000
00001010
00010001
00000000
00010001
00001010

00000000
00000000
00000000
00000101
00001000
00000000
00001000
00000101

00000000
00000000
00000000
00000010
00000100
00000000
00000100
00000010

00000000
00000000
01000000
00100000
00000000
00100000
01000000
00000000

00000000
00000000
10100000
00010000
00000000
00010000
10100000
00000000

00000000
00000000
01010000
10001000
00000000
10001000
01010000
00000000

00000000
00000000
00101000
01000100
00000000
01000100
00101000
00000000

00000000
00000000
00010100
00100010
00000000
00100010
00010100
00000000

00000000
00000000
00001010
00010001
00000000
00010001
00001010
00000000

00000000
00000000
00000101
00001000
00000000
00001000
00000101
00000000

00000000
00000000
00000010
00000100
00000000
00000100
00000010
00000000

00000000
01000000
00100000
00000000
00100000
01000000
00000000
00000000

00000000
10100000
00010000
00000000
00010000
10100000
00000000
00000000

00000000
01010000
10001000
00000000
10001000
01010000
00000000
00000000

00000000
00101000
01000100
00000000
01000100
00101000
00000000
00000000

00000000
00010100
00100010
00000000
00100010
00010100
00000000
00000000

00000000
00001010
00010001
00000000
00010001
00001010
00000000
00000000

00000000
00000101
00001000
00000000
00001000
00000101
00000000
00000000

00000000
00000010
00000100
00000000
00000100
00000010
00000000
00000000

01000000
00100000
00000000
00100000
01000000
00000000
00000000
00000000

10100000
00010000
00000000
00010000
10100000
00000000
00000000
00000000

01010000
10001000
00000000
10001000
01010000
00000000
00000000
00000000

00101000
01000100
00000000
01000100
00101000
00000000
00000000
00000000

00010100
00100010
00000000
00100010
00010100
00000000
00000000
00000000

00001010
00010001
00000000
00010001
00001010
00000000
00000000
00000000

00000101
00001000
00000000
00001000
00000101
00000000
00000000
00000000

00000010
00000100
00000000
00000100
00000010
00000000
00000000
00000000

00100000
00000000
00100000
01000000
00000000
00000000
00000000
00000000

00010000
00000000
00010000
10100000
00000000
00000000
00000000
00000000

10001000
00000000
10001000
01010000
00000000
00000000
00000000
00000000

01000100
00000000
01000100
00101000
00000000
00000000
00000000
00000000

00100010
00000000
00100010
00010100
00000000
00000000
00000000
00000000

00010001
00000000
00010001
00001010
00000000
00000000
00000000
00000000

00001000
00000000
00001000
00000101
00000000
00000000
00000000
00000000

00000100
00000000
00000100
00000010
00000000
00000000
00000000
00000000

00000000
00100000
01000000
00000000
00000000
00000000
00000000
00000000

00000000
00010000
10100000
00000000
00000000
00000000
00000000
00000000

00000000
10001000
01010000
00000000
00000000
00000000
00000000
00000000

00000000
01000100
00101000
00000000
00000000
00000000
00000000
00000000

00000000
00100010
00010100
00000000
00000000
00000000
00000000
00000000

00000000
00010001
00001010
00000000
00000000
00000000
00000000
00000000

00000000
00001000
00000101
00000000
00000000
00000000
00000000
00000000

00000000
00000100
00000010
00000000
00000000
00000000
00000000
00000000

