36029485287477385
1315051368754483200
216195047761182728
216208001047986433
1008823930596622848
360292368270229760
324269069052150272
36028938753425536
140739654729736
1266774842556418
288511949914767936
144396731782594568
72339103375428864
72198623592448512
12252324265533243396
306385530411555072
24348135310770177
282575562115104
3603025387456045056
4505249029034114
3459047088391718912
2468818120576336456
1244260684322056704
37156895991070788
70370891669650
70373041308032
13862114839569105024
14075990810575184
586875949212499972
720721078065954944
9223653524717699584
290518468439605316
18049857902084224
9223515110813745152
297519187906019344
432486404870639616
10817787076800414720
563260298364176
432926140793882113
4688529240147100705
2306476328557248516
4613412258209464384
3462424100869308480
720586938184237072
2884555634345836548
563534270955632
146649158655213572
2305847426592931843
397487755690562048
351949484490880
17592722948480
10276104430944384
4035367120304341120
167215929527369856
299080182279168
723215335511098880
144182337470530
10376312787212190210
1233987398032429121
9234349973330989057
2307250418458034701
613052568649877538
578149619899336706
9304455524059881538
