9241421688590303744
36099303471056128
141012904249856
550848566272
6480472064
1108177604608
283691315142656
72624976668147712
4620710844295151618
9241421688590368773
36099303487963146
141017232965652
1659000848424
283693466779728
72624976676520096
145249953336262720
2310355422147510788
4620710844311799048
9241421692918565393
36100411639206946
424704217196612
72625527495610504
145249955479592976
290499906664153120
1155177711057110024
2310355426409252880
4620711952330133792
9241705379636978241
108724279602332802
145390965166737412
290500455356698632
580999811184992272
577588851267340304
1155178802063085600
2310639079102947392
4693335752243822976
9386671504487645697
326598935265674242
581140276476643332
1161999073681608712
288793334762704928
577868148797087808
1227793891648880768
2455587783297826816
4911175566595588352
9822351133174399489
1197958188344280066
2323857683139004420
144117404414255168
360293502378066048
720587009051099136
1441174018118909952
2882348036221108224
5764696068147249408
11529391036782871041
4611756524879479810
567382630219904
1416240237150208
2833579985862656
5667164249915392
11334324221640704
22667548931719168
45053622886727936
18049651735527937
