282578800148862
565157600297596
1130315200595066
2260630401190006
4521260802379886
9042521604759646
18085043209519166
36170086419038334
282578800180736
565157600328704
1130315200625152
2260630401218048
4521260802403840
9042521604775424
18085043209518592
36170086419037696
282578808340736
565157608292864
1130315208328192
2260630408398848
4521260808540160
9042521608822784
18085043209388032
36170086418907136
282580897300736
565159647117824
1130317180306432
2260632246683648
4521262379438080
9042522644946944
18085043175964672
36170086385483776
283115671060736
565681586307584
1130822006735872
2261102847592448
4521664529305600
9042787892731904
18085034619584512
36170077829103616
420017753620736
699298018886144
1260057572672512
2381576680245248
4624614895390720
9110691325681664
18082844186263552
36167887395782656
35466950888980736
34905104758997504
34344362452452352
33222877839362048
30979908613181440
26493970160820224
17522093256097792
35607136465616896
9079539427579068672
8935706818303361536
8792156787827803136
8505056726876686336
7930856604974452736
6782456361169985536
4485655873561051136
9115426935197958144
